1 57 57.326
0 6 63.4799
0 3 67.0767
1 731 798.213
0 4 802.73
0 3 805.957
0 6 812.269
1 414 1226.94
0 1 1228.76
0 2 1230.85
1 805 2036.1
0 1 2037.97
0 2 2039.99
0 2 2042.81
1 346 2388.99
0 0 2389.96
0 0 2390.9
1 762 3152.92
0 0 3153.9
0 1 3155.01
1 761 3916.89
0 0 3917.83
0 1 3918.94
0 1 3920.34
1 405 4326.18
0 0 4326.79
0 0 4327.44
1 829 5156.91
0 0 5157.51
0 0 5158.23
1 828 5987.16
0 0 5987.74
0 0 5988.41
0 0 5989.16
1 233 6222.74
0 0 6223.06
0 0 6223.34
1 223 6447.33
0 0 6447.67
0 0 6447.96
1 223 6671.79
0 0 6672.12
0 0 6672.41
0 0 6672.69
0 8 6680.88
0 0 6681
0 0 6681.12
0 0 6681.35
0 0 6681.44
0 0 6681.52
0 0 6681.91
0 0 6682
0 0 6682.15
